Model: BERT
==================================================

Best hyperparameters:
  learning_rate : 3e-05
  batch_size    : 8
  best_epoch    : 13

Training history (per epoch):
 Epoch   TrainLoss   TrainAcc   ValLoss   ValAcc    ValF1
     1      0.7073     0.6414    0.3414   0.8488   0.8597
     2      0.2154     0.9264    0.1328   0.9632   0.9682
     3      0.1391     0.9630    0.1201   0.9665   0.9707
     4      0.1157     0.9702    0.1427   0.9688   0.9731
     5      0.0776     0.9804    0.1210   0.9721   0.9755
     6      0.0680     0.9850    0.1191   0.9726   0.9737
     7      0.0525     0.9890    0.1068   0.9754   0.9780
     8      0.0583     0.9889    0.1215   0.9773   0.9796
     9      0.0391     0.9900    0.0960   0.9797   0.9811
    10      0.0320     0.9939    0.1169   0.9811   0.9836
    11      0.0285     0.9946    0.1100   0.9797   0.9824
    12      0.0211     0.9958    0.1187   0.9721   0.9767
    13      0.0226     0.9957    0.0905   0.9821   0.9844
    14      0.0148     0.9970    0.1389   0.9787   0.9803
    15      0.0198     0.9962    0.1462   0.9750   0.9783
    16      0.0143     0.9972    0.1301   0.9802   0.9826

Test results:
  Accuracy   : 0.9778
  Macro F1   : 0.9797

Classification Report:
                 precision    recall  f1-score   support

   syntax_error       0.99      0.98      0.99       396
    logic_error       0.99      0.96      0.97       849
variable_misuse       0.96      0.99      0.98       872

       accuracy                           0.98      2117
      macro avg       0.98      0.98      0.98      2117
   weighted avg       0.98      0.98      0.98      2117

Confusion Matrix:
  [np.int64(390), np.int64(4), np.int64(2)]
  [np.int64(2), np.int64(816), np.int64(31)]
  [np.int64(1), np.int64(7), np.int64(864)]
